==== Всё, как в туториале ====

Дата: 2026-09-03 11:53:51.355211.
Точность модели в % (100 тестов): [72 88 76 96 30 88 82 86 92 72 72 72 80 88 72 72 90 84 90 72 90 88 82 78
 94 94 64 76 74 72 72 92 72 88 82 90 72 88 32 88 92 72 32 82 72 72 74 94
 78 60 78 72 74 86 66 76 72 90 78 36 76 76 72 88 40 84 72 74 80 72 72 72
 76 94 78 90 72 84 90 92 76 78 72 76 32 78 80 92 80 80 86 76 86 78 96 98
 96 72 86 80];
минимальная точность: 30;
максимальная точность: 98;
средняя точность: 77.7;
среднее отклонение точности: 13.848826665100551.

Дата: 2026-09-03 11:54:01.370416.
Точность модели в % (100 тестов): [78 76 80 72 88 80 74 86 74 72 72 82 86 76 86 76 72 72 72 76 72 78 94 76
 72 80 98 76 56 72 84 72 88 30 88 80 82 76 84 72 72 30 80 72 80 70 86 30
 72 82 72 72 88 90 70 86 56 80 78 74 82 86 80 74 76 80 92 74 74 90 72 72
 98 94 72 72 72 74 86 78 76 88 88 86 94 96 74 92 90 86 86 74 72 74 72 88
 82 90 84 82];
минимальная точность: 30;
максимальная точность: 98;
средняя точность: 77.92;
среднее отклонение точности: 11.606618801356404.

==== Увеличение промежуточных признаков ====

Дата: 2026-09-03 11:55:16.652772.
Точность модели в % (100 тестов): [98 72 94 82 86 92 84 92 92 94 74 98 88 84 94 96 90 98 94 82 96 94 90 98
 84 84 88 72 90 74 84 98 90 98 84 90 88 86 90 94 84 90 76 98 90 94 80 94
 74 84 92 92 96 84 98 96 96 84 88 90 80 92 74 96 78 86 88 84 94 98 74 88
 78 98 84 92 76 82 88 98 98 84 82 84 98 90 88 90 88 72 98 92 88 86 74 76
 90 92 78 82];
минимальная точность: 72;
максимальная точность: 98;
средняя точность: 87.94;
среднее отклонение точности: 7.432119482354949.

Дата: 2026-09-03 11:55:38.045934.
Точность модели в % (100 тестов): [90 76 94 98 90 90 90 96 78 88 96 86 86 98 94 96 82 86 94 92 88 90 88 82
 92 94 96 96 96 76 96 90 92 94 90 74 98 72 90 72 94 72 80 72 76 96 88 94
 92 76 86 86 84 92 88 88 94 82 90 76 94 74 90 78 94 80 94 86 92 98 74 72
 86 94 92 78 90 94 84 82 94 86 92 72 88 88 92 94 88 92 86 86 98 72 86 92
 90 94 90 94];
минимальная точность: 72;
максимальная точность: 98;
средняя точность: 87.72;
среднее отклонение точности: 7.478074618509767.

==== Увеличение слоёв модели ====

Дата: 2026-09-03 14:51:53.627060.
Точность модели в % (100 тестов): [78 72 72 64 54 92 30 74 72 72 30 72 74 30 30 40 74 74 74 78 72 72 70 72
 30 74 76 94 74 72 84 74 84 72 30 68 72 74 72 76 74 72 64 74 86 72 72 72
 72 30 72 70 72 30 72 70 72 72 86 32 74 30 76 68 64 68 72 70 30 84 72 34
 92 72 64 72 72 62 36 72 82 72 76 72 70 34 76 72 30 72 74 78 72 84 88 72
 74 72 72 74];
минимальная точность: 30;
максимальная точность: 94;
средняя точность: 67.04;
среднее отклонение точности: 16.539600962538362.

==== Изменение коэффициента обучения ====

# lr=0.1

Дата: 2026-09-03 14:53:23.927375.
Точность модели в % (100 тестов): [80 80 78 80 80 86 84 86 80 80 80 80 76 80 84 80 78 80 78 76 78 80 82 84
 80 80 84 78 84 86 76 76 82 80 86 82 82 80 80 76 82 82 86 86 80 80 78 80
 86 80 76 80 76 86 80 78 82 80 80 86 78 78 80 86 80 82 78 78 80 80 80 80
 76 76 78 84 80 76 80 86 84 80 82 84 80 86 80 80 80 80 84 78 80 80 86 80
 78 86 74 80];
минимальная точность: 74;
максимальная точность: 86;
средняя точность: 80.64;
среднее отклонение точности: 2.9917219122104246.

# lr=1

Дата: 2026-09-03 14:53:54.520696.
Точность модели в % (100 тестов): [28 28 28 28 28 28 28 28 28 28 28 28 28 28 28 28 28 28 28 28 28 28 28 28
 28 28 28 28 28 28 28 28 28 28 28 28 28 28 28 28 28 28 28 28 28 28 28 28
 28 28 28 28 28 28 28 28 28 28 28 28 28 28 28 28 28 28 28 28 28 28 28 28
 28 28 28 28 28 28 28 28 28 28 28 28 28 28 28 28 28 28 28 28 28 28 28 28
 28 28 28 28];
минимальная точность: 28;
максимальная точность: 28;
средняя точность: 28.0;
среднее отклонение точности: 0.0.

# lr=0.001

Дата: 2026-09-03 14:54:34.256838.
Точность модели в % (100 тестов): [30 28 12 30 30 46 28 20 72 30 28 30 26 66 30 72 30 72 28 72 34 28 30 30
 28 22 22 30 30 30 48 26 28 38 70 34 16 28 32 14 48 30 30 46 30 72 28 72
 28 42 36 38 30 72 46 30 72 28 30 30 72 12  8 30 28 30 30 36 30 28 30 72
 46 30 28 28 30  6 72 30 28 30 30 30 60 28 70 28 32 66 68 28 48 28 70 30
 88 36 30 30];
минимальная точность: 6;
максимальная точность: 88;
средняя точность: 37.7;
среднее отклонение точности: 17.745703705404303.

# lr=0.5

Дата: 2026-09-03 14:54:57.122605.
Точность модели в % (100 тестов): [28 28 28 28 28 28 28 28 28 28 28 28 28 28 28 28 28 28 28 28 28 28 28 28
 28 28 28 28 28 28 28 28 30 28 28 28 28 28 28 28 28 28 28 28 28 28 28 28
 94 28 28 28 28 28 28 28 28 28 28 28 28 28 28 28 28 28 28 28 28 30 28 28
 28 28 28 28 28 28 28 28 28 28 28 28 28 28 28 28 28 28 28 28 28 28 28 28
 28 28 28 28];
минимальная точность: 28;
максимальная точность: 94;
средняя точность: 28.7;
среднее отклонение точности: 6.568865959965996.

==== Изменение шагов градиентного спуска ====

# 10

Дата: 2026-09-03 15:00:21.126077.
Точность модели в % (100 тестов): [70 28 30 56 30 30 28 30 30 30 52 30 30 80 30 34 28 30 70 30 30 30 30 28
 34 30 30 70 30 30 30 30 14 66 24 60 18 30 30 72 30 24 34 26 20 28 34 30
 36 28 36 72 72 30 38 34 48  0 28 48 30 30 72 42 30 28 42 32 28 50 38 32
 70 30 42 36  6 30 30 10 32 52 70 30 30  2 62 54 28 96 40 30 72 30 28 30
 30 30 80 70];
минимальная точность: 0;
максимальная точность: 96;
средняя точность: 37.92;
среднее отклонение точности: 17.928569379624243.

# 1000

Дата: 2026-09-03 15:01:11.729218.
Точность модели в % (100 тестов): [100 100 100 100  94 100 100 100 100  98  98 100 100  98 100  98  98 100
 100  98 100 100 100 100  96 100  98  98 100  98  98 100  98 100  98  98
  98 100 100  96  96  96  96 100 100  98 100  98 100 100 100  96  96 100
 100  92  96 100  94 100 100 100  98  98 100 100 100 100 100 100 100  94
  94 100 100 100 100 100 100  96  98 100 100  98  96  94 100 100 100  94
 100  94 100 100  96 100  98  98 100 100];
минимальная точность: 92;
максимальная точность: 100;
средняя точность: 98.62;
среднее отклонение точности: 1.9737274381231067.

